    0.99467E-05    0.58163E+02
    0.10983E-04    0.63969E+02
    0.12127E-04    0.70353E+02
    0.13391E-04    0.77375E+02
    0.14786E-04    0.85098E+02
    0.16326E-04    0.93592E+02
    0.18027E-04    0.10293E+03
    0.19905E-04    0.11321E+03
    0.21979E-04    0.12451E+03
    0.24268E-04    0.13693E+03
    0.26797E-04    0.15060E+03
    0.29588E-04    0.16563E+03
    0.32671E-04    0.18216E+03
    0.36074E-04    0.20034E+03
    0.39833E-04    0.22034E+03
    0.43982E-04    0.24233E+03
    0.48565E-04    0.26651E+03
    0.53624E-04    0.29311E+03
    0.59211E-04    0.32236E+03
    0.65379E-04    0.35453E+03
    0.72190E-04    0.38990E+03
    0.79711E-04    0.42881E+03
    0.88016E-04    0.47159E+03
    0.97185E-04    0.51863E+03
    0.10731E-03    0.57037E+03
    0.11849E-03    0.62725E+03
    0.13083E-03    0.68980E+03
    0.14446E-03    0.75857E+03
    0.15951E-03    0.83418E+03
    0.17613E-03    0.91730E+03
    0.19448E-03    0.10087E+04
    0.21474E-03    0.11091E+04
    0.23712E-03    0.12195E+04
    0.26182E-03    0.13407E+04
    0.28910E-03    0.14740E+04
    0.31921E-03    0.16203E+04
    0.35247E-03    0.17810E+04
    0.38919E-03    0.19574E+04
    0.42974E-03    0.21509E+04
    0.47451E-03    0.23632E+04
    0.52394E-03    0.25960E+04
    0.57852E-03    0.28510E+04
    0.63879E-03    0.31302E+04
    0.70534E-03    0.34358E+04
    0.77883E-03    0.37698E+04
    0.85997E-03    0.41346E+04
    0.94956E-03    0.45326E+04
    0.10485E-02    0.49663E+04
    0.11577E-02    0.54382E+04
    0.12783E-02    0.59509E+04
    0.14115E-02    0.65067E+04
    0.15586E-02    0.71082E+04
    0.17209E-02    0.77576E+04
    0.19002E-02    0.84567E+04
    0.20982E-02    0.92071E+04
    0.23168E-02    0.10010E+05
    0.25581E-02    0.10866E+05
    0.28246E-02    0.11774E+05
    0.31189E-02    0.12734E+05
    0.34438E-02    0.13744E+05
    0.38026E-02    0.14799E+05
    0.41988E-02    0.15895E+05
    0.46362E-02    0.17025E+05
    0.51192E-02    0.18181E+05
    0.56525E-02    0.19352E+05
    0.62414E-02    0.20523E+05
    0.68916E-02    0.21679E+05
    0.76096E-02    0.22800E+05
    0.84024E-02    0.23866E+05
    0.92778E-02    0.24850E+05
    0.10244E-01    0.25724E+05
    0.11312E-01    0.26457E+05
    0.12490E-01    0.27014E+05
    0.13791E-01    0.27360E+05
    0.15228E-01    0.27459E+05
    0.16814E-01    0.27280E+05
    0.18566E-01    0.26796E+05
    0.20500E-01    0.25991E+05
    0.22636E-01    0.24868E+05
    0.24994E-01    0.23452E+05
    0.27598E-01    0.21794E+05
    0.30474E-01    0.19977E+05
    0.33648E-01    0.18107E+05
    0.37154E-01    0.16305E+05
    0.41025E-01    0.14685E+05
    0.45127E-01    0.13367E+05
    0.49230E-01    0.12419E+05
    0.53332E-01    0.11709E+05
    0.57434E-01    0.11133E+05
    0.61537E-01    0.10613E+05
    0.65639E-01    0.10072E+05
    0.69742E-01    0.94646E+04
    0.73844E-01    0.87863E+04
    0.77947E-01    0.80664E+04
    0.82049E-01    0.73499E+04
    0.86152E-01    0.66776E+04
    0.91273E-01    0.59462E+04
    0.96394E-01    0.53685E+04
    0.10152E+00    0.49526E+04
    0.10664E+00    0.46721E+04
    0.11176E+00    0.44768E+04
    0.11688E+00    0.43131E+04
    0.12200E+00    0.41391E+04
    0.12712E+00    0.39311E+04
    0.13224E+00    0.36849E+04
    0.13736E+00    0.34122E+04
    0.14249E+00    0.31345E+04
    0.14761E+00    0.28756E+04
    0.15273E+00    0.26554E+04
    0.15785E+00    0.24836E+04
    0.16297E+00    0.23569E+04
    0.16809E+00    0.22642E+04
    0.17321E+00    0.21915E+04
    0.17833E+00    0.21255E+04
    0.18346E+00    0.20539E+04
    0.18858E+00    0.19692E+04
    0.19370E+00    0.18712E+04
    0.19882E+00    0.17656E+04
    0.20394E+00    0.16599E+04
    0.20906E+00    0.15610E+04
    0.21418E+00    0.14743E+04
    0.21931E+00    0.14025E+04
    0.22443E+00    0.13454E+04
    0.22955E+00    0.12996E+04
    0.23467E+00    0.12608E+04
    0.23979E+00    0.12243E+04
    0.24491E+00    0.11866E+04
    0.25003E+00    0.11453E+04
    0.25515E+00    0.11003E+04
    0.26028E+00    0.10531E+04
    0.26540E+00    0.10060E+04
    0.27052E+00    0.96113E+03
    0.27564E+00    0.92038E+03
    0.28076E+00    0.88467E+03
    0.28588E+00    0.85398E+03
    0.29100E+00    0.82744E+03
    0.29612E+00    0.80369E+03
    0.30125E+00    0.78129E+03
    0.30637E+00    0.75904E+03
    0.31149E+00    0.73617E+03
    0.31661E+00    0.71247E+03
    0.32173E+00    0.68828E+03
    0.32685E+00    0.66425E+03
    0.33197E+00    0.64109E+03
    0.33709E+00    0.61938E+03
    0.34222E+00    0.59947E+03
    0.34734E+00    0.58139E+03
    0.35246E+00    0.56493E+03
    0.35758E+00    0.54971E+03
    0.36270E+00    0.53529E+03
    0.36782E+00    0.52128E+03
    0.37294E+00    0.50738E+03
    0.37806E+00    0.49344E+03
    0.38319E+00    0.47952E+03
    0.38831E+00    0.46579E+03
    0.39343E+00    0.45247E+03
    0.39855E+00    0.43972E+03
    0.40367E+00    0.42766E+03
    0.40879E+00    0.41632E+03
    0.41391E+00    0.40570E+03
    0.41904E+00    0.39568E+03
    0.42416E+00    0.38610E+03
    0.42928E+00    0.37684E+03
    0.43440E+00    0.36779E+03
    0.43952E+00    0.35891E+03
    0.44464E+00    0.35017E+03
    0.44976E+00    0.34159E+03
    0.45488E+00    0.33322E+03
    0.46001E+00    0.32513E+03
    0.46513E+00    0.31736E+03
    0.47025E+00    0.30993E+03
    0.47537E+00    0.30281E+03
    0.48049E+00    0.29600E+03
    0.48561E+00    0.28945E+03
    0.49073E+00    0.28312E+03
    0.49585E+00    0.27697E+03
    0.50098E+00    0.27096E+03
    0.50610E+00    0.26508E+03
    0.51122E+00    0.25934E+03
    0.51634E+00    0.25374E+03
    0.52146E+00    0.24830E+03
    0.52658E+00    0.24303E+03
    0.53170E+00    0.23792E+03
    0.53682E+00    0.23300E+03
    0.54195E+00    0.22824E+03
    0.54707E+00    0.22363E+03
    0.55155E+00    0.21972E+03
    0.57361E+00    0.20169E+03
    0.59655E+00    0.18494E+03
    0.62041E+00    0.16960E+03
    0.77479E+00    0.10299E+03
    0.96760E+00    0.61826E+02
    0.12084E+01    0.36734E+02
    0.15091E+01    0.21622E+02
    0.18846E+01    0.12620E+02
    0.23536E+01    0.73101E+01
    0.29393E+01    0.42048E+01
    0.36707E+01    0.24034E+01
    0.45842E+01    0.13658E+01
    0.57250E+01    0.77200E+00
    0.71496E+01    0.43425E+00
    0.89288E+01    0.24316E+00
    0.11151E+02    0.13559E+00
    0.13926E+02    0.75314E-01
    0.17391E+02    0.41679E-01
    0.21719E+02    0.22985E-01
    0.27123E+02    0.12632E-01
    0.33873E+02    0.69192E-02
    0.42302E+02    0.37766E-02
    0.52829E+02    0.20535E-02
    0.65976E+02    0.11117E-02
    0.82393E+02    0.59862E-03
    0.10290E+03    0.32012E-03
    0.12850E+03    0.16962E-03
    0.16048E+03    0.88736E-04
    0.20042E+03    0.45622E-04
    0.25029E+03    0.22918E-04
    0.31257E+03    0.11186E-04
    0.39036E+03    0.52917E-05
    0.48750E+03    0.24417E-05
    0.60881E+03    0.11212E-05
    0.76031E+03    0.52777E-06
    0.94951E+03    0.25840E-06
    0.11858E+04    0.12763E-06
    0.14809E+04    0.62125E-07
    0.18494E+04    0.31565E-07
    0.23096E+04    0.16254E-07
    0.28844E+04    0.83747E-08
    0.36021E+04    0.43350E-08
    0.44985E+04    0.22745E-08
    0.56180E+04    0.11936E-08
    0.70160E+04    0.63299E-09
    0.87619E+04    0.33175E-09
    0.10942E+05    0.17576E-09
