r  xi_simple_spline  xi_full nsegments used
0.1000 2.08010e+01 2.08010e+01 3183
0.1023 2.05560e+01 2.05560e+01 3183
0.1047 2.03130e+01 2.03130e+01 3183
0.1072 2.00718e+01 2.00718e+01 3183
0.1096 1.98326e+01 1.98326e+01 3183
0.1122 1.95952e+01 1.95952e+01 3183
0.1148 1.93597e+01 1.93597e+01 3183
0.1175 1.91261e+01 1.91261e+01 3183
0.1202 1.88943e+01 1.88943e+01 3183
0.1230 1.86644e+01 1.86644e+01 3183
0.1259 1.84364e+01 1.84364e+01 3183
0.1288 1.82102e+01 1.82102e+01 3183
0.1318 1.79859e+01 1.79859e+01 3183
0.1349 1.77634e+01 1.77634e+01 3183
0.1380 1.75427e+01 1.75427e+01 3183
0.1413 1.73238e+01 1.73238e+01 3183
0.1445 1.71068e+01 1.71068e+01 3183
0.1479 1.68916e+01 1.68916e+01 3183
0.1514 1.66782e+01 1.66782e+01 3183
0.1549 1.64666e+01 1.64666e+01 3183
0.1585 1.62567e+01 1.62567e+01 3183
0.1622 1.60487e+01 1.60487e+01 3183
0.1660 1.58425e+01 1.58425e+01 3183
0.1698 1.56380e+01 1.56380e+01 3183
0.1738 1.54353e+01 1.54353e+01 3183
0.1778 1.52344e+01 1.52344e+01 3183
0.1820 1.50352e+01 1.50352e+01 3183
0.1862 1.48377e+01 1.48377e+01 3183
0.1905 1.46421e+01 1.46421e+01 3183
0.1950 1.44481e+01 1.44481e+01 3183
0.1995 1.42559e+01 1.42559e+01 3183
0.2042 1.40654e+01 1.40654e+01 3183
0.2089 1.38766e+01 1.38766e+01 3183
0.2138 1.36895e+01 1.36895e+01 3183
0.2188 1.35041e+01 1.35041e+01 3183
0.2239 1.33205e+01 1.33205e+01 3183
0.2291 1.31385e+01 1.31385e+01 3183
0.2344 1.29582e+01 1.29582e+01 3183
0.2399 1.27795e+01 1.27795e+01 3183
0.2455 1.26026e+01 1.26026e+01 3183
0.2512 1.24273e+01 1.24273e+01 3183
0.2570 1.22536e+01 1.22536e+01 3183
0.2630 1.20816e+01 1.20816e+01 3183
0.2692 1.19113e+01 1.19113e+01 3183
0.2754 1.17425e+01 1.17425e+01 3183
0.2818 1.15754e+01 1.15754e+01 3183
0.2884 1.14100e+01 1.14100e+01 3183
0.2951 1.12461e+01 1.12461e+01 3183
0.3020 1.10838e+01 1.10838e+01 3183
0.3090 1.09232e+01 1.09232e+01 3183
0.3162 1.07641e+01 1.07641e+01 3183
0.3236 1.06066e+01 1.06066e+01 3183
0.3311 1.04507e+01 1.04507e+01 3183
0.3388 1.02964e+01 1.02964e+01 3183
0.3467 1.01436e+01 1.01436e+01 3183
0.3548 9.99238e+00 9.99238e+00 3183
0.3631 9.84271e+00 9.84271e+00 3183
0.3715 9.69457e+00 9.69457e+00 3183
0.3802 9.54796e+00 9.54796e+00 3183
0.3890 9.40287e+00 9.40287e+00 3183
0.3981 9.25930e+00 9.25930e+00 3183
0.4074 9.11724e+00 9.11724e+00 3183
0.4169 8.97668e+00 8.97668e+00 3183
0.4266 8.83762e+00 8.83762e+00 3183
0.4365 8.70004e+00 8.70004e+00 3183
0.4467 8.56394e+00 8.56394e+00 3183
0.4571 8.42931e+00 8.42931e+00 3183
0.4677 8.29615e+00 8.29615e+00 3183
0.4786 8.16444e+00 8.16444e+00 3183
0.4898 8.03418e+00 8.03418e+00 3183
0.5012 7.90537e+00 7.90537e+00 3183
0.5129 7.77799e+00 7.77799e+00 3183
0.5248 7.65203e+00 7.65203e+00 3183
0.5370 7.52749e+00 7.52749e+00 3183
0.5495 7.40436e+00 7.40436e+00 3183
0.5623 7.28264e+00 7.28264e+00 3183
0.5754 7.16230e+00 7.16230e+00 3183
0.5888 7.04336e+00 7.04336e+00 3183
0.6026 6.92578e+00 6.92578e+00 3183
0.6166 6.80958e+00 6.80958e+00 3183
0.6310 6.69474e+00 6.69474e+00 3183
0.6457 6.58125e+00 6.58125e+00 3183
0.6607 6.46911e+00 6.46911e+00 3183
0.6761 6.35831e+00 6.35831e+00 3183
0.6918 6.24883e+00 6.24883e+00 3183
0.7079 6.14068e+00 6.14068e+00 3183
0.7244 6.03384e+00 6.03384e+00 3183
0.7413 5.92831e+00 5.92831e+00 3183
0.7586 5.82408e+00 5.82408e+00 3183
0.7762 5.72114e+00 5.72114e+00 3183
0.7943 5.61948e+00 5.61948e+00 3183
0.8128 5.51909e+00 5.51909e+00 3183
0.8318 5.41998e+00 5.41998e+00 3183
0.8511 5.32212e+00 5.32212e+00 3183
0.8710 5.22551e+00 5.22551e+00 3183
0.8913 5.13015e+00 5.13015e+00 3183
0.9120 5.03602e+00 5.03602e+00 3183
0.9333 4.94311e+00 4.94311e+00 3183
0.9550 4.85142e+00 4.85142e+00 3183
0.9772 4.76093e+00 4.76093e+00 3183
1.0000 4.67165e+00 4.67165e+00 3183
1.0233 4.58355e+00 4.58355e+00 3183
1.0471 4.49664e+00 4.49664e+00 3183
1.0715 4.41091e+00 4.41091e+00 3183
1.0965 4.32633e+00 4.32633e+00 3183
1.1220 4.24292e+00 4.24292e+00 3183
1.1482 4.16066e+00 4.16066e+00 3183
1.1749 4.07953e+00 4.07953e+00 3183
1.2023 3.99954e+00 3.99954e+00 3183
1.2303 3.92067e+00 3.92067e+00 3183
1.2589 3.84292e+00 3.84292e+00 3183
1.2882 3.76628e+00 3.76628e+00 3183
1.3183 3.69073e+00 3.69073e+00 3183
1.3490 3.61627e+00 3.61627e+00 3183
1.3804 3.54290e+00 3.54290e+00 3183
1.4125 3.47059e+00 3.47059e+00 3183
1.4454 3.39935e+00 3.39935e+00 3183
1.4791 3.32917e+00 3.32917e+00 3183
1.5136 3.26003e+00 3.26003e+00 3183
1.5488 3.19193e+00 3.19193e+00 3183
1.5849 3.12486e+00 3.12486e+00 3183
1.6218 3.05881e+00 3.05881e+00 3183
1.6596 2.99378e+00 2.99378e+00 3183
1.6982 2.92974e+00 2.92974e+00 3183
1.7378 2.86671e+00 2.86671e+00 3183
1.7783 2.80465e+00 2.80465e+00 3183
1.8197 2.74358e+00 2.74358e+00 3183
1.8621 2.68348e+00 2.68348e+00 3183
1.9055 2.62433e+00 2.62433e+00 3183
1.9498 2.56614e+00 2.56614e+00 3183
1.9953 2.50889e+00 2.50889e+00 3183
2.0417 2.45258e+00 2.45258e+00 3183
2.0893 2.39719e+00 2.39719e+00 3183
2.1380 2.34271e+00 2.34271e+00 3183
2.1878 2.28915e+00 2.28915e+00 3183
2.2387 2.23649e+00 2.23649e+00 3183
2.2909 2.18472e+00 2.18472e+00 3183
2.3442 2.13383e+00 2.13383e+00 3183
2.3988 2.08381e+00 2.08381e+00 3183
2.4547 2.03466e+00 2.03466e+00 3183
2.5119 1.98636e+00 1.98636e+00 3183
2.5704 1.93891e+00 1.93891e+00 3183
2.6303 1.89230e+00 1.89230e+00 3183
2.6915 1.84653e+00 1.84653e+00 3183
2.7542 1.80157e+00 1.80157e+00 3183
2.8184 1.75742e+00 1.75742e+00 3183
2.8840 1.71408e+00 1.71408e+00 3183
2.9512 1.67153e+00 1.67153e+00 3183
3.0200 1.62977e+00 1.62977e+00 3183
3.0903 1.58878e+00 1.58878e+00 3183
3.1623 1.54857e+00 1.54857e+00 3183
3.2359 1.50911e+00 1.50911e+00 3183
3.3113 1.47041e+00 1.47041e+00 3183
3.3884 1.43245e+00 1.43245e+00 3183
3.4674 1.39523e+00 1.39523e+00 3183
3.5481 1.35873e+00 1.35873e+00 3183
3.6308 1.32294e+00 1.32294e+00 3183
3.7154 1.28787e+00 1.28787e+00 3183
3.8019 1.25350e+00 1.25350e+00 3183
3.8905 1.21982e+00 1.21982e+00 3183
3.9811 1.18682e+00 1.18682e+00 3183
4.0738 1.15450e+00 1.15450e+00 3183
4.1687 1.12284e+00 1.12284e+00 3183
4.2658 1.09184e+00 1.09184e+00 3183
4.3652 1.06149e+00 1.06149e+00 3183
4.4668 1.03178e+00 1.03178e+00 3183
4.5709 1.00270e+00 1.00270e+00 3183
4.6774 9.74244e-01 9.74244e-01 3183
4.7863 9.46404e-01 9.46404e-01 3183
4.8978 9.19170e-01 9.19170e-01 3183
5.0119 8.92534e-01 8.92534e-01 3183
5.1286 8.66488e-01 8.66488e-01 3183
5.2481 8.41024e-01 8.41024e-01 3183
5.3703 8.16132e-01 8.16132e-01 3183
5.4954 7.91805e-01 7.91805e-01 3183
5.6234 7.68034e-01 7.68034e-01 3183
5.7544 7.44812e-01 7.44812e-01 3183
5.8884 7.22129e-01 7.22129e-01 3183
6.0256 6.99978e-01 6.99978e-01 3183
6.1660 6.78351e-01 6.78351e-01 3183
6.3096 6.57240e-01 6.57240e-01 3183
6.4565 6.36636e-01 6.36636e-01 3183
6.6069 6.16533e-01 6.16533e-01 3183
6.7608 5.96921e-01 5.96921e-01 3183
6.9183 5.77793e-01 5.77793e-01 3183
7.0795 5.59142e-01 5.59142e-01 3183
7.2444 5.40958e-01 5.40958e-01 3183
7.4131 5.23236e-01 5.23236e-01 3183
7.5858 5.05966e-01 5.05966e-01 3183
7.7625 4.89142e-01 4.89142e-01 3183
7.9433 4.72754e-01 4.72754e-01 3183
8.1283 4.56797e-01 4.56797e-01 3183
8.3176 4.41262e-01 4.41262e-01 3183
8.5114 4.26141e-01 4.26141e-01 3183
8.7096 4.11427e-01 4.11427e-01 3183
8.9125 3.97113e-01 3.97113e-01 3183
9.1201 3.83190e-01 3.83190e-01 3183
9.3325 3.69653e-01 3.69653e-01 3183
9.5499 3.56493e-01 3.56493e-01 3183
9.7724 3.43702e-01 3.43702e-01 3183
10.0000 3.31275e-01 3.31275e-01 3183
10.2329 3.19203e-01 3.19203e-01 3183
10.4713 3.07480e-01 3.07480e-01 3183
10.7152 2.96098e-01 2.96098e-01 3183
10.9648 2.85051e-01 2.85051e-01 3183
11.2202 2.74331e-01 2.74331e-01 3183
11.4815 2.63932e-01 2.63932e-01 3183
11.7490 2.53847e-01 2.53847e-01 3183
12.0226 2.44069e-01 2.44069e-01 3183
12.3027 2.34591e-01 2.34591e-01 3183
12.5893 2.25407e-01 2.25407e-01 3183
12.8825 2.16511e-01 2.16511e-01 3183
13.1826 2.07895e-01 2.07895e-01 3183
13.4896 1.99555e-01 1.99555e-01 3183
13.8038 1.91483e-01 1.91483e-01 3183
14.1254 1.83674e-01 1.83674e-01 3183
14.4544 1.76121e-01 1.76121e-01 3183
14.7911 1.68819e-01 1.68819e-01 3183
15.1356 1.61761e-01 1.61761e-01 3183
15.4882 1.54942e-01 1.54942e-01 3183
15.8489 1.48357e-01 1.48357e-01 3183
16.2181 1.41999e-01 1.41999e-01 3183
16.5959 1.35862e-01 1.35862e-01 3183
16.9824 1.29941e-01 1.29941e-01 3183
17.3780 1.24231e-01 1.24231e-01 3183
17.7828 1.18725e-01 1.18725e-01 3183
18.1970 1.13418e-01 1.13418e-01 3183
18.6209 1.08305e-01 1.08305e-01 3183
19.0546 1.03380e-01 1.03380e-01 3183
19.4984 9.86370e-02 9.86370e-02 3183
19.9526 9.40720e-02 9.40720e-02 3183
20.4174 8.96793e-02 8.96793e-02 3183
20.8930 8.54541e-02 8.54541e-02 3183
21.3796 8.13916e-02 8.13916e-02 3183
21.8776 7.74871e-02 7.74871e-02 3183
22.3872 7.37361e-02 7.37361e-02 3183
22.9087 7.01342e-02 7.01342e-02 3183
23.4423 6.66771e-02 6.66771e-02 3183
23.9883 6.33606e-02 6.33606e-02 3183
24.5471 6.01805e-02 6.01805e-02 3183
25.1189 5.71325e-02 5.71325e-02 3183
25.7040 5.42124e-02 5.42124e-02 3183
26.3027 5.14160e-02 5.14160e-02 3183
26.9153 4.87390e-02 4.87390e-02 3183
27.5423 4.61775e-02 4.61775e-02 3183
28.1838 4.37272e-02 4.37272e-02 3183
28.8403 4.13843e-02 4.13843e-02 3183
29.5121 3.91450e-02 3.91450e-02 3183
30.1995 3.70057e-02 3.70057e-02 3183
30.9030 3.49628e-02 3.49628e-02 3183
31.6228 3.30133e-02 3.30133e-02 3183
32.3594 3.11539e-02 3.11539e-02 3183
33.1131 2.93816e-02 2.93816e-02 3183
33.8844 2.76933e-02 2.76933e-02 3183
34.6737 2.60859e-02 2.60859e-02 3183
35.4813 2.45564e-02 2.45564e-02 3183
36.3078 2.31016e-02 2.31016e-02 3183
37.1535 2.17184e-02 2.17184e-02 3183
38.0189 2.04037e-02 2.04037e-02 3183
38.9045 1.91548e-02 1.91548e-02 3183
39.8107 1.79690e-02 1.79690e-02 3183
40.7380 1.68437e-02 1.68437e-02 3183
41.6869 1.57766e-02 1.57766e-02 3183
42.6580 1.47657e-02 1.47657e-02 3183
43.6516 1.38087e-02 1.38087e-02 3183
44.6684 1.29033e-02 1.29033e-02 3183
45.7088 1.20474e-02 1.20474e-02 3183
46.7735 1.12385e-02 1.12385e-02 3183
47.8630 1.04743e-02 1.04743e-02 3183
48.9779 9.75272e-03 9.75272e-03 3183
50.1187 9.07174e-03 9.07174e-03 3183
51.2861 8.42963e-03 8.42963e-03 3183
52.4807 7.82480e-03 7.82480e-03 3183
53.7032 7.25567e-03 7.25567e-03 3183
54.9541 6.72058e-03 6.72058e-03 3183
56.2341 6.21778e-03 6.21778e-03 3183
57.5440 5.74540e-03 5.74540e-03 3183
58.8844 5.30169e-03 5.30169e-03 3183
60.2560 4.88506e-03 4.88506e-03 3183
61.6595 4.49417e-03 4.49417e-03 3183
63.0957 4.12784e-03 4.12784e-03 3183
64.5654 3.78481e-03 3.78481e-03 3183
66.0693 3.46363e-03 3.46363e-03 3183
67.6083 3.16263e-03 3.16263e-03 3183
69.1831 2.88013e-03 2.88013e-03 3183
70.7946 2.61473e-03 2.61473e-03 3183
72.4436 2.36532e-03 2.36532e-03 3183
74.1310 2.13098e-03 2.13098e-03 3183
75.8578 1.91073e-03 1.91073e-03 3183
77.6247 1.70357e-03 1.70357e-03 3183
79.4328 1.50896e-03 1.50896e-03 3183
81.2831 1.32758e-03 1.32758e-03 3183
83.1764 1.16198e-03 1.16198e-03 3183
85.1138 1.01727e-03 1.01727e-03 3183
87.0964 9.02149e-04 9.02149e-04 3183
89.1251 8.30406e-04 8.30406e-04 3183
91.2011 8.20756e-04 8.20756e-04 3183
93.3254 8.91785e-04 8.91785e-04 3183
95.4993 1.05047e-03 1.05047e-03 3183
97.7237 1.27874e-03 1.27874e-03 3183
100.0000 1.52826e-03 1.52826e-03 3183
102.3293 1.73187e-03 1.73187e-03 3183
104.7129 1.82915e-03 1.82915e-03 3183
107.1519 1.79112e-03 1.79112e-03 3183
109.6478 1.62832e-03 1.62832e-03 3183
112.2018 1.37925e-03 1.37925e-03 3183
114.8154 1.09047e-03 1.09047e-03 3183
117.4898 8.01652e-04 8.01652e-04 3183
120.2264 5.39423e-04 5.39423e-04 3183
123.0269 3.17249e-04 3.17249e-04 3183
125.8925 1.38229e-04 1.38229e-04 3183
128.8250 -5.60417e-07 -5.60417e-07 3183
131.8257 -1.04356e-04 -1.04356e-04 3183
134.8963 -1.79081e-04 -1.79081e-04 3183
138.0384 -2.30675e-04 -2.30675e-04 3183
141.2538 -2.64347e-04 -2.64347e-04 3183
144.5440 -2.84305e-04 -2.84305e-04 3183
147.9108 -2.94060e-04 -2.94060e-04 3183
151.3561 -2.96516e-04 -2.96516e-04 3183
154.8817 -2.93761e-04 -2.93761e-04 3183
158.4893 -2.87043e-04 -2.87043e-04 3183
162.1810 -2.77341e-04 -2.77341e-04 3183
165.9587 -2.65796e-04 -2.65796e-04 3183
169.8244 -2.53272e-04 -2.53272e-04 3183
173.7801 -2.40193e-04 -2.40193e-04 3183
177.8279 -2.26954e-04 -2.26954e-04 3183
181.9701 -2.13895e-04 -2.13895e-04 3183
186.2087 -2.01345e-04 -2.01345e-04 3183
190.5461 -1.89448e-04 -1.89448e-04 3183
194.9845 -1.77900e-04 -1.77900e-04 3183
199.5262 -1.66489e-04 -1.66489e-04 3183
251.1886 -8.53295e-05 -8.53295e-05 3183
316.2278 -3.70958e-05 -3.70958e-05 3183
398.1072 -1.59364e-05 -1.59364e-05 3183
501.18