[-0.63941091 -0.0775235 ]
[-0.39279136 -0.21369287]
[ 0.85082003  0.42316407]
[ 0.36214159  0.11299975]
[ 0.52449712  0.35922512]
[-2.06870238 -1.84310202]
[ 0.3910776   0.27947507]
[-0.97480682 -0.83517143]
[ 0.35981839  0.37438067]
[-1.40505212 -0.34296534]
[-0.63870537 -1.42590567]
[-0.50952833 -0.27937787]
[ 0.02232489  0.01072515]
[ 0.12189395  0.03167614]
[ 0.10021373  0.15528797]
[-0.0219987   0.11821013]
[ 0.09139914  0.00036531]
[-0.12416961 -0.00075772]
[ 0.09924853  0.02213216]
[ 0.03625341  0.061392  ]
[-0.08437926 -0.15320394]
[-0.08686975 -0.0512494 ]
[-0.01519621  0.04513348]
[-0.10108798 -0.07653884]
[-0.07264033  0.02154445]
[-0.05320624  0.09156465]
[ 0.14610087  0.02431227]
[ 0.09016858  0.05514535]
[-0.03878619  0.08438831]
[-0.28105531 -0.05284909]
[ 0.04376843 -0.02266403]
[ 0.09760228 -0.18708172]
[ 0.02559876  0.06815247]
[ 0.04655598 -0.01214668]
[ 0.04437306 -0.05857524]
[ 0.00910305 -0.00557087]
[ 0.01867752 -0.04875422]
[ 0.11363015 -0.07462544]
[-0.06621392 -0.00223081]
[-0.00148443 -0.18822425]
[ 0.00323395  0.12313194]
[-0.00600741 -0.06974942]
[ 0.03933916 -0.09392992]
[-0.03888838  0.05797364]
[ 0.13037622 -0.18099122]
[ 0.04546853  0.03667796]
[-0.07074225 -0.0694299 ]
[ 0.03359194 -0.07990308]
[ 0.11366416 -0.10213104]
[-0.0098821   0.00016749]
[ 1.52724549  1.20977473]
[-1.51862415 -1.04620124]
[ 0.96633441  1.11908475]
[-1.07510585 -1.11162207]
[ 0.95452767  0.97595039]
[-1.22443526 -0.83270301]
[ 0.36632377  0.19693555]
[-0.39077959 -0.65598801]
[ 0.70271833  0.31689261]
[ 0.80443416  1.01115335]
[-0.25802559 -0.87682396]
[-0.58597754 -0.93035397]
[ 0.15656689 -0.10920137]
[ 0.02580172 -0.05420854]
[ 0.03494832 -0.0662852 ]
[-0.09846105 -0.09033153]
[-0.08741272 -0.16437193]
[-0.21340924  0.18279718]
[ 0.01477426  0.09617742]
[-0.12969964  0.06977736]
[ 0.05801295  0.07549074]
[-0.10850268  0.04137706]
[-0.03007722  0.09032143]
[-0.10825241 -0.13136207]
[-0.13629432 -0.08468774]
[ 0.00080141 -0.02325013]
[ 0.13097586  0.09000645]
[ 0.10439052 -0.04140831]
[-0.13203136  0.07738719]
[-0.0029352  -0.14049799]
[-0.06834034  0.23915256]
[ 0.01267302  0.16223968]
[-0.01965335 -0.15153772]
[-0.17136067 -0.17721574]
[ 0.01446696 -0.03471355]
[-0.04684226 -0.05977085]
[-0.01536482 -0.0473135 ]
[-0.10114285 -0.0491103 ]
[-0.12465086  0.07963056]
[-0.18467282 -0.15237621]
[ 0.1131292   0.08173094]
[ 0.09941296  0.23635104]
[-0.12127044  0.10509275]
[ 0.09355392 -0.03328673]
[ 0.03118048  0.0695325 ]
[-0.13440021 -0.01250371]
[ 0.0264506   0.00551139]
[ 0.01359686 -0.06524678]
[ 0.07639295  0.02188949]
[ 0.09227413  0.00233294]
