[ 0.93311078  0.22769259]
[-1.71969081 -1.84792489]
[ 0.2612034  0.5781464]
[-0.08416237 -0.01969426]
[ 0.7620877   0.89247641]
[ 2.75388653  2.52283785]
[-0.24252993  0.39502899]
[-0.56489054 -0.40566389]
[-1.25039766 -0.85992711]
[-1.06214308 -1.4408263 ]
[ 1.67046453  1.31857031]
[ 1.57663991  0.99950072]
[-0.2610906  -0.02194597]
[ 0.5856802  0.9074587]
[-0.77602919 -0.70310571]
[-1.19870153 -1.52684819]
[-0.36366065 -0.65782491]
[ 0.75542696  0.68292343]
[ 0.60285673  0.34905986]
[-0.44545355 -1.10360654]
[-0.32228824  0.04567598]
[ 0.63262494  0.04164091]
[-2.05825926 -2.31658357]
[ 0.51765495  0.53128726]
[ 0.45235497  0.66976743]
[-0.05320624  0.09156465]
[ 0.14610087  0.02431227]
[ 0.09016858  0.05514535]
[-0.03878619  0.08438831]
[-0.28105531 -0.05284909]
[ 0.04376843 -0.02266403]
[ 0.09760228 -0.18708172]
[ 0.02559876  0.06815247]
[ 0.04655598 -0.01214668]
[ 0.04437306 -0.05857524]
[ 0.00910305 -0.00557087]
[ 0.01867752 -0.04875422]
[ 0.11363015 -0.07462544]
[-0.06621392 -0.00223081]
[-0.00148443 -0.18822425]
[ 0.00323395  0.12313194]
[-0.00600741 -0.06974942]
[ 0.03933916 -0.09392992]
[-0.03888838  0.05797364]
[ 0.13037622 -0.18099122]
[ 0.04546853  0.03667796]
[-0.07074225 -0.0694299 ]
[ 0.03359194 -0.07990308]
[ 0.11366416 -0.10213104]
[-0.0098821   0.00016749]
[-1.76047901 -1.34190182]
[ 1.00119319  1.36307813]
[-0.9939338  -1.18479517]
[-0.25446719  0.10314904]
[-0.66111579  0.01048876]
[ 0.23628165  0.37541563]
[-0.96871506 -0.74386498]
[ 0.28747304 -0.17136498]
[ 1.15695748  1.29514029]
[ 0.13710283  0.16948171]
[-0.48795093 -0.08548253]
[ 0.40734629 -0.09306144]
[-0.80136525 -1.55185426]
[-2.51057878 -2.43935843]
[ 0.27479048  0.14782754]
[ 0.01625501  0.49928781]
[ 0.44591198  0.34103845]
[ 0.34956191  0.23460201]
[-1.93344077 -1.50292283]
[ 1.07753202  0.28435465]
[-0.96741128 -0.92618932]
[-0.74666668 -0.44201396]
[-0.69757383 -0.5174441 ]
[-1.03550957 -1.43671961]
[-0.40738458 -0.68627282]
[ 0.00080141 -0.02325013]
[ 0.13097586  0.09000645]
[ 0.10439052 -0.04140831]
[-0.13203136  0.07738719]
[-0.0029352  -0.14049799]
[-0.06834034  0.23915256]
[ 0.01267302  0.16223968]
[-0.01965335 -0.15153772]
[-0.17136067 -0.17721574]
[ 0.01446696 -0.03471355]
[-0.04684226 -0.05977085]
[-0.01536482 -0.0473135 ]
[-0.10114285 -0.0491103 ]
[-0.12465086  0.07963056]
[-0.18467282 -0.15237621]
[ 0.1131292   0.08173094]
[ 0.09941296  0.23635104]
[-0.12127044  0.10509275]
[ 0.09355392 -0.03328673]
[ 0.03118048  0.0695325 ]
[-0.13440021 -0.01250371]
[ 0.0264506   0.00551139]
[ 0.01359686 -0.06524678]
[ 0.07639295  0.02188949]
[ 0.09227413  0.00233294]
