3515292347
2445022979
843740635
60719892
1302750664
1667116499
1956222609
1751476720
856485339
669023663
4216165696
1077785881
1092885501
1234627718
3271466783
3318869034
973301445
2977426211
2380248392
157436708
2968965682
3637059131
241224357
1055128085
469518245
423874683
2406194457
2537637546
3826906868
2392530107
3987752649
4083223151
1454064192
2058578394
3879162937
3069549973
3730725410
1153664601
1511295572
2411457450
495317287
4042329105
3533665890
4064814904
2604347180
1411903584
3453123810
2015910999
1924783295
2483723331
1094768074
2897931764
159538273
3363183621
1309059208
3145716060
284943243
250162480
1307851145
2305220695
1957459533
1691129922
3135259355
2425728813
3042925445
3636372522
751413387
788812011
1981849141
2022739973
3193280216
105234839
1923535077
1448178801
3597449226
3000833929
706306104
3982946577
1714539325
3218419093
3634482355
2272622113
3559068382
4284039074
1576191600
2315849068
734047279
3849271113
4051602268
2282928022
2199075384
1794886246
1028851934
1015896607
1545232028
723356997
3749479061
2688717804
1349132831
1666588687
